========================================
GENERATION #1 STATISTICS
========================================
Rating,Chromosome,MaxHeight,WillReproduce?
1,2.251326,3.070942,0.9646038,2.087323,3.064243,2.831267,2.714184,31.44271,TOP FLYER - REPRODUCES
2,1.005271,3.568017,1.553872,2.160993,2.254623,3.869928,2.949851,31.38242,TOP FLYER - REPRODUCES
3,2.877373,3.794399,2.379711,2.31682,0.4845248,1.839812,3.007293,11.48158,TOP FLYER - REPRODUCES
4,1.456305,2.194684,0.6299055,2.560778,0.3928666,2.878661,3.136472,6.86281,TOP FLYER - REPRODUCES
5,1.839641,3.334451,0.6006315,2.387968,2.297026,2.756461,1.670529,3.684057,
6,3.174518,1.590599,1.603515,2.768378,0.4746425,3.628484,0.8083255,2.660959,
7,2.407732,2.428593,2.73821,3.351014,1.41798,3.473889,0.5199765,2.538069,
8,3.383124,3.141029,0.2015893,0.9958164,1.991915,2.774771,0.8094543,2.25349,
9,2.756873,1.533638,2.579229,3.589656,3.835433,0.6832495,0.6035075,2.214785,
10,2.883816,2.463913,0.1356665,3.642234,3.57997,1.474079,1.046793,1.907933,
11,3.820673,2.003173,0.9724107,1.158654,1.163097,0.9042497,3.681993,1.831007,
12,2.773087,0.7819619,1.778682,1.999833,2.74121,2.668176,1.084735,1.694934,
13,2.910043,3.722975,1.818546,2.128692,0.1959778,0.7767897,2.72638,1.461351,
14,0.452923,1.589231,2.50428,3.321305,2.054211,1.053175,2.145668,1.251377,
15,3.428955,2.266399,0.2250536,3.778884,1.622557,0.8125827,0.575268,1.171145,
16,0.6793265,1.766093,3.059177,2.573857,2.656199,0.1086795,2.324813,0.8897603,
THIS GENERATION'S HIGH SCORE: 31.44271
=====================================================
+++++++++++++++++++++++++++++++++++++++++++++++++++++
=====================================================
OVERALL HIGH SCORE: 31.44271
